{
  "benchmark_id": "qap_ga",
  "problem": "qap",
  "instance_id": "qap_18_dense_structured",
  "dimension": 18,
  "qap_file": "instance.qap",
  "flow_matrix": [
    [0, 20, 27, 15, 22, 29, 15, 16, 23, 11, 18, 6, 19, 20, 8, 15, 22, 10],
    [20, 0, 21, 29, 18, 26, 7, 21, 23, 12, 20, 9, 17, 12, 14, 22, 11, 19],
    [27, 21, 0, 24, 14, 23, 5, 14, 29, 13, 22, 12, 21, 11, 26, 10, 19, 9],
    [15, 29, 24, 0, 29, 20, 22, 13, 23, 20, 5, 15, 6, 16, 7, 23, 8, 18],
    [22, 18, 14, 29, 0, 17, 20, 12, 23, 15, 13, 18, 10, 21, 13, 5, 22, 8],
    [29, 26, 23, 20, 17, 0, 18, 11, 23, 16, 9, 27, 14, 7, 19, 12, 5, 23],
    [15, 7, 5, 22, 20, 18, 0, 18, 31, 25, 19, 13, 24, 12, 6, 19, 13, 7],
    [16, 21, 14, 13, 12, 11, 18, 0, 31, 26, 21, 16, 22, 23, 12, 7, 21, 16],
    [23, 23, 29, 23, 23, 23, 31, 31, 0, 27, 23, 19, 7, 22, 24, 14, 10, 6],
    [11, 12, 13, 20, 15, 16, 25, 26, 27, 0, 25, 22, 11, 8, 5, 27, 18, 15],
    [18, 20, 22, 5, 13, 9, 19, 21, 23, 25, 0, 25, 15, 13, 11, 9, 13, 5],
    [6, 9, 12, 15, 18, 27, 13, 16, 19, 22, 25, 0, 19, 18, 17, 16, 15, 20],
    [19, 17, 21, 6, 10, 14, 24, 22, 7, 11, 15, 19, 0, 31, 31, 31, 31, 31],
    [20, 12, 11, 16, 21, 7, 12, 23, 22, 8, 13, 18, 31, 0, 18, 19, 20, 21],
    [8, 14, 26, 7, 13, 19, 6, 12, 24, 5, 11, 17, 31, 18, 0, 26, 28, 30],
    [15, 22, 10, 23, 5, 12, 19, 7, 14, 27, 9, 16, 31, 19, 26, 0, 17, 20],
    [22, 11, 19, 8, 22, 5, 13, 21, 10, 18, 13, 15, 31, 20, 28, 17, 0, 29],
    [10, 19, 9, 18, 8, 23, 7, 16, 6, 15, 5, 20, 31, 21, 30, 20, 29, 0]
  ],
  "distance_matrix": [
    [0, 15, 36, 53, 72, 82, 20, 26, 41, 55, 73, 85, 40, 47, 55, 62, 80, 93],
    [15, 0, 24, 40, 54, 69, 26, 17, 30, 37, 60, 72, 42, 41, 41, 51, 67, 80],
    [36, 24, 0, 16, 35, 50, 46, 28, 25, 25, 45, 56, 59, 45, 43, 46, 57, 66],
    [53, 40, 16, 0, 20, 35, 61, 35, 31, 18, 32, 42, 65, 51, 45, 42, 47, 48],
    [72, 54, 35, 20, 0, 19, 74, 53, 46, 29, 25, 26, 82, 65, 56, 48, 40, 39],
    [82, 69, 50, 35, 19, 0, 90, 69, 61, 43, 28, 27, 97, 80, 70, 55, 47, 40],
    [20, 26, 46, 61, 74, 90, 0, 25, 38, 52, 75, 87, 22, 34, 42, 56, 76, 92],
    [26, 17, 28, 35, 53, 69, 25, 0, 14, 31, 54, 66, 35, 24, 29, 40, 58, 73],
    [41, 30, 25, 31, 46, 61, 38, 14, 0, 21, 43, 55, 37, 22, 19, 27, 45, 55],
    [55, 37, 25, 18, 29, 43, 52, 31, 21, 0, 27, 34, 57, 40, 31, 27, 31, 41],
    [73, 60, 45, 32, 25, 28, 75, 54, 43, 27, 0, 12, 78, 58, 46, 29, 20, 21],
    [85, 72, 56, 42, 26, 27, 87, 66, 55, 34, 12, 0, 89, 69, 52, 39, 25, 15],
    [40, 42, 59, 65, 82, 97, 22, 35, 37, 57, 78, 89, 0, 22, 37, 53, 74, 92],
    [47, 41, 45, 51, 65, 80, 34, 24, 22, 40, 58, 69, 22, 0, 16, 32, 53, 66],
    [55, 41, 43, 45, 56, 70, 42, 29, 19, 31, 46, 52, 37, 16, 0, 19, 35, 53],
    [62, 51, 46, 42, 48, 55, 56, 40, 27, 27, 29, 39, 53, 32, 19, 0, 21, 39],
    [80, 67, 57, 47, 40, 47, 76, 58, 45, 31, 20, 25, 74, 53, 35, 21, 0, 21],
    [93, 80, 66, 48, 39, 40, 92, 73, 55, 41, 21, 15, 92, 66, 53, 39, 21, 0]
  ]
}