{
  "benchmark_id": "tsp_ga",
  "problem": "tsp",
  "instance_id": "tsp_48_clustered_euc2d",
  "dimension": 48,
  "close_tour": true,
  "tsplib_file": "instance.tsp",
  "city_positions": [
    [28, 53],
    [36, 55],
    [64, 30],
    [34, 19],
    [21, 19],
    [68, 16],
    [18, 61],
    [62, 24],
    [57, 20],
    [50, 38],
    [208, 55],
    [194, 66],
    [198, 64],
    [205, 40],
    [164, 76],
    [173, 73],
    [175, 51],
    [170, 42],
    [171, 74],
    [207, 39],
    [58, 174],
    [73, 187],
    [89, 186],
    [52, 163],
    [102, 185],
    [71, 187],
    [83, 193],
    [85, 181],
    [106, 175],
    [56, 180],
    [194, 218],
    [193, 201],
    [243, 206],
    [230, 179],
    [197, 180],
    [214, 211],
    [239, 181],
    [229, 179],
    [194, 188],
    [198, 215],
    [120, 20],
    [135, 35],
    [150, 115],
    [165, 130],
    [120, 210],
    [145, 225],
    [245, 120],
    [20, 130]
  ],
  "distance_matrix": [
    [0, 8, 43, 35, 35, 54, 13, 45, 44, 27, 180, 167, 170, 177, 138, 146, 147, 142, 145, 180, 125, 141, 146, 113, 151, 141, 150, 140, 145, 130, 234, 222, 264, 238, 211, 244, 247, 237, 214, 235, 98, 109, 137, 157, 182, 208, 227, 77],
    [8, 0, 38, 36, 39, 50, 19, 40, 41, 22, 172, 158, 162, 170, 130, 138, 139, 135, 136, 172, 121, 137, 141, 109, 146, 137, 146, 135, 139, 127, 227, 214, 256, 230, 204, 237, 239, 229, 207, 228, 91, 101, 129, 149, 176, 202, 219, 77],
    [43, 38, 0, 32, 44, 15, 55, 6, 12, 16, 146, 135, 138, 141, 110, 117, 113, 107, 116, 143, 144, 157, 158, 134, 160, 157, 164, 152, 151, 150, 229, 214, 251, 223, 200, 235, 231, 222, 205, 228, 57, 71, 121, 142, 189, 211, 202, 109],
    [35, 36, 32, 0, 13, 34, 45, 28, 23, 25, 178, 167, 170, 172, 142, 149, 145, 138, 148, 174, 157, 172, 176, 145, 179, 172, 181, 170, 172, 162, 255, 242, 280, 253, 229, 263, 261, 252, 233, 256, 86, 102, 151, 172, 209, 234, 234, 112],
    [35, 39, 44, 13, 0, 47, 42, 41, 36, 35, 190, 179, 183, 185, 154, 161, 157, 151, 160, 187, 159, 176, 180, 147, 185, 175, 185, 174, 178, 165, 264, 250, 290, 263, 239, 272, 272, 262, 242, 264, 99, 115, 161, 182, 215, 240, 246, 111],
    [54, 50, 15, 34, 47, 0, 67, 10, 12, 28, 145, 136, 139, 139, 113, 119, 113, 105, 118, 141, 158, 171, 171, 148, 172, 171, 178, 166, 163, 164, 238, 223, 258, 230, 209, 244, 238, 229, 213, 238, 52, 70, 129, 150, 201, 223, 205, 124],
    [13, 19, 55, 45, 42, 67, 0, 57, 57, 39, 190, 176, 180, 188, 147, 155, 157, 153, 154, 190, 120, 137, 144, 108, 150, 137, 147, 137, 144, 125, 236, 224, 268, 243, 215, 247, 251, 242, 217, 237, 110, 120, 143, 162, 181, 207, 235, 69],
    [45, 40, 6, 28, 41, 10, 57, 0, 6, 18, 149, 139, 142, 144, 114, 121, 116, 109, 120, 146, 150, 163, 164, 139, 166, 163, 170, 159, 157, 156, 235, 220, 257, 229, 206, 241, 237, 228, 211, 234, 58, 74, 127, 148, 195, 217, 207, 114],
    [44, 41, 12, 23, 36, 12, 57, 6, 0, 19, 155, 145, 148, 149, 121, 128, 122, 115, 126, 151, 154, 168, 169, 143, 171, 168, 175, 163, 163, 160, 241, 226, 263, 235, 213, 247, 243, 234, 217, 241, 63, 79, 133, 154, 200, 223, 213, 116],
    [27, 22, 16, 25, 35, 28, 39, 18, 19, 0, 159, 147, 150, 155, 120, 128, 126, 120, 126, 157, 136, 151, 153, 125, 156, 150, 158, 147, 148, 142, 231, 217, 256, 229, 204, 238, 237, 228, 208, 231, 72, 85, 126, 147, 186, 210, 212, 97],
    [180, 172, 146, 178, 190, 145, 190, 149, 155, 159, 0, 18, 13, 15, 49, 39, 33, 40, 42, 16, 191, 189, 177, 190, 168, 190, 186, 176, 157, 197, 164, 147, 155, 126, 125, 156, 130, 126, 134, 160, 95, 76, 83, 86, 178, 181, 75, 202],
    [167, 158, 135, 167, 179, 136, 176, 139, 145, 147, 18, 0, 4, 28, 32, 22, 24, 34, 24, 30, 174, 171, 159, 172, 150, 173, 169, 158, 140, 179, 152, 135, 148, 119, 114, 146, 123, 118, 122, 149, 87, 67, 66, 70, 162, 166, 74, 185],
    [170, 162, 138, 170, 183, 139, 180, 142, 148, 150, 13, 4, 0, 25, 36, 27, 26, 36, 29, 27, 178, 175, 164, 176, 154, 177, 173, 163, 144, 183, 154, 137, 149, 119, 116, 148, 124, 119, 124, 151, 90, 69, 70, 74, 166, 169, 73, 190],
    [177, 170, 141, 172, 185, 139, 188, 144, 149, 155, 15, 28, 25, 0, 55, 46, 32, 35, 48, 2, 199, 198, 186, 196, 178, 199, 196, 185, 167, 204, 178, 161, 170, 141, 140, 171, 145, 141, 148, 175, 87, 70, 93, 98, 190, 194, 89, 206],
    [138, 130, 110, 142, 154, 113, 147, 114, 121, 120, 49, 32, 36, 55, 0, 9, 27, 35, 7, 57, 144, 144, 133, 142, 125, 145, 142, 131, 115, 150, 145, 128, 152, 122, 109, 144, 129, 122, 116, 143, 71, 50, 41, 54, 141, 150, 92, 154],
    [146, 138, 117, 149, 161, 119, 155, 121, 128, 128, 39, 22, 27, 46, 9, 0, 22, 31, 2, 48, 153, 152, 141, 151, 133, 153, 150, 139, 122, 159, 147, 130, 150, 120, 110, 144, 127, 120, 117, 144, 75, 54, 48, 58, 147, 155, 86, 163],
    [147, 139, 113, 145, 157, 113, 157, 116, 122, 126, 33, 24, 26, 32, 27, 22, 0, 10, 23, 34, 170, 170, 160, 166, 153, 171, 169, 158, 142, 176, 168, 151, 169, 139, 131, 165, 145, 139, 138, 166, 63, 43, 69, 80, 168, 177, 98, 174],
    [142, 135, 107, 138, 151, 105, 153, 109, 115, 120, 40, 34, 36, 35, 35, 31, 10, 0, 32, 37, 173, 174, 165, 169, 158, 176, 174, 163, 148, 179, 178, 161, 180, 150, 141, 175, 155, 149, 148, 175, 55, 36, 76, 88, 175, 185, 108, 174],
    [145, 136, 116, 148, 160, 118, 154, 120, 126, 126, 42, 24, 29, 48, 7, 2, 23, 32, 0, 50, 151, 150, 139, 149, 131, 151, 148, 137, 120, 156, 146, 129, 150, 120, 109, 144, 127, 120, 116, 144, 74, 53, 46, 56, 145, 153, 87, 161],
    [180, 172, 143, 174, 187, 141, 190, 146, 151, 157, 16, 30, 27, 2, 57, 48, 34, 37, 50, 0, 201, 200, 189, 198, 180, 201, 198, 187, 169, 207, 179, 163, 171, 142, 141, 172, 146, 142, 150, 176, 89, 72, 95, 100, 192, 196, 89, 208],
    [125, 121, 144, 157, 159, 158, 120, 150, 154, 136, 191, 174, 178, 199, 144, 153, 170, 173, 151, 201, 0, 20, 33, 13, 45, 18, 31, 28, 48, 6, 143, 138, 188, 172, 139, 160, 181, 171, 137, 146, 166, 159, 109, 116, 72, 101, 195, 58],
    [141, 137, 157, 172, 176, 171, 137, 163, 168, 151, 189, 171, 175, 198, 144, 152, 170, 174, 150, 200, 20, 0, 16, 32, 29, 2, 12, 13, 35, 18, 125, 121, 171, 157, 124, 143, 166, 156, 121, 128, 173, 164, 105, 108, 52, 81, 185, 78],
    [146, 141, 158, 176, 180, 171, 144, 164, 169, 153, 177, 159, 164, 186, 133, 141, 160, 165, 139, 189, 33, 16, 0, 44, 13, 18, 9, 6, 20, 34, 110, 105, 155, 141, 108, 127, 150, 140, 105, 113, 169, 158, 94, 94, 39, 68, 169, 89],
    [113, 109, 134, 145, 147, 148, 108, 139, 143, 125, 190, 172, 176, 196, 142, 151, 166, 169, 149, 198, 13, 32, 44, 0, 55, 31, 43, 38, 55, 17, 152, 146, 196, 179, 146, 169, 188, 178, 144, 155, 158, 153, 109, 118, 83, 112, 198, 46],
    [151, 146, 160, 179, 185, 172, 150, 166, 171, 156, 168, 150, 154, 178, 125, 133, 153, 158, 131, 180, 45, 29, 13, 55, 0, 31, 21, 17, 11, 46, 98, 92, 143, 128, 95, 115, 137, 127, 92, 101, 166, 154, 85, 84, 31, 59, 157, 99],
    [141, 137, 157, 172, 175, 171, 137, 163, 168, 150, 190, 173, 177, 199, 145, 153, 171, 176, 151, 201, 18, 2, 18, 31, 31, 0, 13, 15, 37, 17, 127, 123, 173, 159, 126, 145, 168, 158, 123, 130, 174, 165, 107, 110, 54, 83, 186, 76],
    [150, 146, 164, 181, 185, 178, 147, 170, 175, 158, 186, 169, 173, 196, 142, 150, 169, 174, 148, 198, 31, 12, 9, 43, 21, 13, 0, 12, 29, 30, 114, 110, 161, 148, 115, 132, 156, 147, 111, 117, 177, 166, 103, 103, 41, 70, 178, 89],
    [140, 135, 152, 170, 174, 166, 137, 159, 163, 147, 176, 158, 163, 185, 131, 139, 158, 163, 137, 187, 28, 13, 6, 38, 17, 15, 12, 0, 22, 29, 115, 110, 160, 145, 112, 132, 154, 144, 109, 118, 165, 154, 93, 95, 45, 74, 171, 83],
    [145, 139, 151, 172, 178, 163, 144, 157, 163, 148, 157, 140, 144, 167, 115, 122, 142, 148, 120, 169, 48, 35, 20, 55, 11, 37, 29, 22, 0, 50, 98, 91, 140, 124, 91, 114, 133, 123, 89, 100, 156, 143, 74, 74, 38, 63, 149, 97],
    [130, 127, 150, 162, 165, 164, 125, 156, 160, 142, 197, 179, 183, 204, 150, 159, 176, 179, 156, 207, 6, 18, 34, 17, 46, 17, 30, 29, 50, 0, 143, 139, 189, 174, 141, 161, 183, 173, 138, 146, 172, 165, 114, 120, 71, 100, 198, 62],
    [234, 227, 229, 255, 264, 238, 236, 235, 241, 231, 164, 152, 154, 178, 145, 147, 168, 178, 146, 179, 143, 125, 110, 152, 98, 127, 114, 115, 98, 143, 0, 17, 50, 53, 38, 21, 58, 52, 30, 5, 211, 192, 112, 93, 74, 49, 110, 195],
    [222, 214, 214, 242, 250, 223, 224, 220, 226, 217, 147, 135, 137, 161, 128, 130, 151, 161, 129, 163, 138, 121, 105, 146, 92, 123, 110, 110, 91, 139, 17, 0, 50, 43, 21, 23, 50, 42, 13, 15, 195, 176, 96, 76, 74, 54, 96, 187],
    [264, 256, 251, 280, 290, 258, 268, 257, 263, 256, 155, 148, 149, 170, 152, 150, 169, 180, 150, 171, 188, 171, 155, 196, 143, 173, 161, 160, 140, 189, 50, 50, 0, 30, 53, 29, 25, 30, 52, 46, 223, 202, 130, 109, 123, 100, 86, 236],
    [238, 230, 223, 253, 263, 230, 243, 229, 235, 229, 126, 119, 119, 141, 122, 120, 139, 150, 120, 142, 172, 157, 141, 179, 128, 159, 148, 145, 124, 174, 53, 43, 30, 0, 33, 36, 9, 1, 37, 48, 193, 173, 102, 81, 114, 97, 61, 216],
    [211, 204, 200, 229, 239, 209, 215, 206, 213, 204, 125, 114, 116, 140, 109, 110, 131, 141, 109, 141, 139, 124, 108, 146, 95, 126, 115, 112, 91, 141, 38, 21, 53, 33, 0, 35, 42, 32, 9, 35, 178, 158, 80, 59, 83, 69, 77, 184],
    [244, 237, 235, 263, 272, 244, 247, 241, 247, 238, 156, 146, 148, 171, 144, 144, 165, 175, 144, 172, 160, 143, 127, 169, 115, 145, 132, 132, 114, 161, 21, 23, 29, 36, 35, 0, 39, 35, 30, 16, 213, 193, 115, 95, 94, 70, 96, 210],
    [247, 239, 231, 261, 272, 238, 251, 237, 243, 237, 130, 123, 124, 145, 129, 127, 145, 155, 127, 146, 181, 166, 150, 188, 137, 168, 156, 154, 133, 183, 58, 50, 25, 9, 42, 39, 0, 10, 46, 53, 200, 179, 111, 90, 122, 104, 61, 225],
    [237, 229, 222, 252, 262, 229, 242, 228, 234, 228, 126, 118, 119, 141, 122, 120, 139, 149, 120, 142, 171, 156, 140, 178, 127, 158, 147, 144, 123, 173, 52, 42, 30, 1, 32, 35, 10, 0, 36, 48, 193, 172, 102, 81, 113, 96, 61, 215],
    [214, 207, 205, 233, 242, 213, 217, 211, 217, 208, 134, 122, 124, 148, 116, 117, 138, 148, 116, 150, 137, 121, 105, 144, 92, 123, 111, 109, 89, 138, 30, 13, 52, 37, 9, 30, 46, 36, 0, 27, 184, 164, 85, 65, 77, 61, 85, 183],
    [235, 228, 228, 256, 264, 238, 237, 234, 241, 231, 160, 149, 151, 175, 143, 144, 166, 175, 144, 176, 146, 128, 113, 155, 101, 130, 117, 118, 100, 146, 5, 15, 46, 48, 35, 16, 53, 48, 27, 0, 210, 191, 111, 91, 78, 54, 106, 197],
    [98, 91, 57, 86, 99, 52, 110, 58, 63, 72, 95, 87, 90, 87, 71, 75, 63, 55, 74, 89, 166, 173, 169, 158, 166, 174, 177, 165, 156, 172, 211, 195, 223, 193, 178, 213, 200, 193, 184, 210, 0, 21, 100, 119, 190, 207, 160, 149],
    [109, 101, 71, 102, 115, 70, 120, 74, 79, 85, 76, 67, 69, 70, 50, 54, 43, 36, 53, 72, 159, 164, 158, 153, 154, 165, 166, 154, 143, 165, 192, 176, 202, 173, 158, 193, 179, 172, 164, 191, 21, 0, 81, 100, 176, 190, 139, 149],
    [137, 129, 121, 151, 161, 129, 143, 127, 133, 126, 83, 66, 70, 93, 41, 48, 69, 76, 46, 95, 109, 105, 94, 109, 85, 107, 103, 93, 74, 114, 112, 96, 130, 102, 80, 115, 111, 102, 85, 111, 100, 81, 0, 21, 100, 110, 95, 131],
    [157, 149, 142, 172, 182, 150, 162, 148, 154, 147, 86, 70, 74, 98, 54, 58, 80, 88, 56, 100, 116, 108, 94, 118, 84, 110, 103, 95, 74, 120, 93, 76, 109, 81, 59, 95, 90, 81, 65, 91, 119, 100, 21, 0, 92, 97, 81, 145],
    [182, 176, 189, 209, 215, 201, 181, 195, 200, 186, 178, 162, 166, 190, 141, 147, 168, 175, 145, 192, 72, 52, 39, 83, 31, 54, 41, 45, 38, 71, 74, 74, 123, 114, 83, 94, 122, 113, 77, 78, 190, 176, 100, 92, 0, 29, 154, 128],
    [208, 202, 211, 234, 240, 223, 207, 217, 223, 210, 181, 166, 169, 194, 150, 155, 177, 185, 153, 196, 101, 81, 68, 112, 59, 83, 70, 74, 63, 100, 49, 54, 100, 97, 69, 70, 104, 96, 61, 54, 207, 190, 110, 97, 29, 0, 145, 157],
    [227, 219, 202, 234, 246, 205, 235, 207, 213, 212, 75, 74, 73, 89, 92, 86, 98, 108, 87, 89, 195, 185, 169, 198, 157, 186, 178, 171, 149, 198, 110, 96, 86, 61, 77, 96, 61, 61, 85, 106, 160, 139, 95, 81, 154, 145, 0, 225],
    [77, 77, 109, 112, 111, 124, 69, 114, 116, 97, 202, 185, 190, 206, 154, 163, 174, 174, 161, 208, 58, 78, 89, 46, 99, 76, 89, 83, 97, 62, 195, 187, 236, 216, 184, 210, 225, 215, 183, 197, 149, 149, 131, 145, 128, 157, 225, 0]
  ]
}