{
  "benchmark_id": "tsp_ga",
  "problem": "tsp",
  "instance_id": "tsp_20_euc2d",
  "dimension": 20,
  "close_tour": true,
  "tsplib_file": "instance.tsp",
  "city_positions": [
    [60, 200],
    [180, 200],
    [80, 180],
    [140, 180],
    [20, 160],
    [100, 160],
    [200, 160],
    [140, 140],
    [40, 120],
    [100, 120],
    [180, 100],
    [60, 80],
    [120, 80],
    [180, 60],
    [20, 40],
    [100, 40],
    [200, 40],
    [20, 20],
    [60, 20],
    [160, 20]
  ],
  "distance_matrix": [
    [0, 120, 28, 82, 57, 57, 146, 100, 82, 89, 156, 120, 134, 184, 165, 165, 213, 184, 180, 206],
    [120, 0, 102, 45, 165, 89, 45, 72, 161, 113, 100, 170, 134, 140, 226, 179, 161, 241, 216, 181],
    [28, 102, 0, 60, 63, 28, 122, 72, 72, 63, 128, 102, 108, 156, 152, 141, 184, 171, 161, 179],
    [82, 45, 60, 0, 122, 45, 63, 40, 117, 72, 89, 128, 102, 126, 184, 146, 152, 200, 179, 161],
    [57, 165, 63, 122, 0, 80, 180, 122, 45, 89, 171, 89, 128, 189, 120, 144, 216, 140, 146, 198],
    [57, 89, 28, 45, 80, 0, 100, 45, 72, 40, 100, 89, 82, 128, 144, 120, 156, 161, 146, 152],
    [146, 45, 122, 63, 180, 100, 0, 63, 165, 108, 63, 161, 113, 102, 216, 156, 120, 228, 198, 146],
    [100, 72, 72, 40, 122, 45, 63, 0, 102, 45, 57, 100, 63, 89, 156, 108, 117, 170, 144, 122],
    [82, 161, 72, 117, 45, 72, 165, 102, 0, 60, 141, 45, 89, 152, 82, 100, 179, 102, 102, 156],
    [89, 113, 63, 72, 89, 40, 108, 45, 60, 0, 82, 57, 45, 100, 113, 80, 128, 128, 108, 117],
    [156, 100, 128, 89, 171, 100, 63, 57, 141, 82, 0, 122, 63, 40, 171, 100, 63, 179, 144, 82],
    [120, 170, 102, 128, 89, 89, 161, 100, 45, 57, 122, 0, 60, 122, 57, 57, 146, 72, 60, 117],
    [134, 134, 108, 102, 128, 82, 113, 63, 89, 45, 63, 60, 0, 63, 108, 45, 89, 117, 85, 72],
    [184, 140, 156, 126, 189, 128, 102, 89, 152, 100, 40, 122, 63, 0, 161, 82, 28, 165, 126, 45],
    [165, 226, 152, 184, 120, 144, 216, 156, 82, 113, 171, 57, 108, 161, 0, 80, 180, 20, 45, 141],
    [165, 179, 141, 146, 144, 120, 156, 108, 100, 80, 100, 57, 45, 82, 80, 0, 100, 82, 45, 63],
    [213, 161, 184, 152, 216, 156, 120, 117, 179, 128, 63, 146, 89, 28, 180, 100, 0, 181, 141, 45],
    [184, 241, 171, 200, 140, 161, 228, 170, 102, 128, 179, 72, 117, 165, 20, 82, 181, 0, 40, 140],
    [180, 216, 161, 179, 146, 146, 198, 144, 102, 108, 144, 60, 85, 126, 45, 45, 141, 40, 0, 100],
    [206, 181, 179, 161, 198, 152, 146, 122, 156, 117, 82, 117, 72, 45, 141, 63, 45, 140, 100, 0]
  ]
}